|20161001|上海|all|1.54|1.99|3.68|10.36|21.21|180|77.25|18|7.73|118|137|233|
|20161002|上海|all|1.34|1.67|2.71|6.42|8.08|181|78.02|28|12.07|115|131|232|
|20161003|上海|all|1.48|1.95|2.84|6.95|8.86|138|65.40|34|16.11|118|135|211|
|20161004|上海|all|1.44|2.10|4.37|6.89|11.67|79|73.83|11|10.28|69|75|107|
|20161005|上海|all|1.64|1.88|3.27|6.73|7.12|48|68.57|12|17.14|48|50|70|
|20161006|上海|all|1.34|2.04|3.37|8.54|12.37|132|81.99|14|8.70|79|95|161|
|20161007|上海|all|1.53|2.27|6.73|12.16|25.42|79|78.22|11|10.89|61|63|101|
|20161008|上海|all|1.64|2.32|7.50|20.66|33.09|56|73.68|9|11.84|54|56|76|
|20161009|上海|all|1.26|1.78|3.00|6.93|8.37|201|88.94|13|5.75|100|119|226|
|20161010|上海|all|1.66|2.08|3.37|6.54|8.20|87|73.73|14|11.86|64|74|118|
|20161011|上海|all|1.46|1.93|3.91|7.38|8.71|65|76.47|11|12.94|49|53|85|
|20161012|上海|all|1.52|1.89|2.65|5.72|7.79|84|71.79|18|15.38|66|76|117|
|20161013|上海|all|1.40|1.94|6.13|7.81|8.52|44|41.12|29|27.10|49|53|107|
|20161014|上海|all|1.70|4.33|7.30|8.22|16.49|52|68.42|10|13.16|44|44|76|
|20161015|上海|all|1.36|1.74|2.57|6.14|7.98|227|81.95|16|5.78|129|166|277|
|20161016|上海|all|1.52|2.13|3.64|6.29|8.81|97|77.60|12|9.60|78|87|125|
|20161017|上海|all|1.43|1.86|2.94|7.04|9.86|92|70.77|14|10.77|73|78|130|
|20161018|上海|all|1.68|2.23|4.10|7.08|8.24|66|85.71|5|6.49|59|63|77|
|20161019|上海|all|2.23|4.95|7.19|14.10|28.66|74|72.55|12|11.76|60|64|102|
|20161020|上海|all|3.70|6.74|8.77|11.84|21.43|114|73.08|21|13.46|78|90|156|
|20161021|上海|all|2.52|6.29|7.65|12.12|18.08|117|68.02|23|13.37|78|88|172|
|20161022|上海|all|1.02|6.69|9.17|12.10|17.94|232|43.20|208|38.73|141|185|537|
|20161023|上海|all|0.96|5.28|7.79|12.02|14.06|150|60.00|67|26.80|79|105|250|
|20161024|上海|all|1.03|5.26|7.07|8.78|17.57|56|55.45|14|13.86|53|56|101|
|20161025|上海|all|1.14|4.87|6.97|10.67|17.72|94|64.83|26|17.93|57|73|145|
|20161026|上海|all|3.40|5.82|7.70|11.39|21.74|128|71.91|25|14.04|112|126|178|
|20161027|上海|all|4.04|5.86|7.46|9.85|15.38|116|78.91|14|9.52|86|102|147|
|20161028|上海|all|1.92|5.31|8.30|12.65|16.09|118|61.14|46|23.83|86|102|193|
|20161029|上海|all|2.42|5.43|7.70|9.68|14.77|344|67.06|84|16.37|220|279|513|
|20161030|上海|all|3.42|6.56|8.00|10.01|12.54|297|70.21|60|14.18|239|279|423|
|20161031|上海|all|1.03|5.47|7.78|9.21|12.57|197|71.38|47|17.03|160|175|276|
